#r     goo      goh      ghh
0.00  0.0000   0.0000  0.0000
0.01  0.0000   0.0000   0.0000 
0.03  0.0000   0.0000   0.0000
0.06  0.0000   0.0000   0.0000
0.09  0.0000   0.0000   0.0000
0.12  0.0000   0.0000   0.0000
0.15  0.0000   0.0000   0.0000
0.18  0.0000   0.0000   0.0000
0.21  0.0000   0.0000   0.0000
0.24  0.0000   0.0000   0.0000
0.27  0.0000   0.0000   0.0000
0.30  0.0000   0.0000   0.0000
0.33  0.0000   0.0000   0.0000
0.36  0.0000   0.0000   0.0000
0.39  0.0000   0.0000   0.0000
0.42  0.0000   0.0000   0.0000
0.45  0.0000   0.0000   0.0000
0.48  0.0000   0.0000   0.0000
0.51  0.0000   0.0000   0.0000
0.54  0.0000   0.0000   0.0000
0.57  0.0000   0.0000   0.0000
0.60  0.0000   0.0000   0.0000
0.63  0.0000   0.0000   0.0000
0.66  0.0000   0.0000   0.0000
0.69  0.0000   0.0000   0.0000
0.72  0.0000   0.0000   0.0000
0.75  0.0000   0.0000   0.0000
0.78  0.0000   0.0000   0.0000
0.81  0.0000   0.0000   0.0000
0.84  0.0000   0.0000   0.0000
0.87  0.0000   0.0000   0.0000
0.90  0.0000   0.0000   0.0000
0.93  0.0000   0.0000   0.0000
0.96  0.0000   0.0000   0.0000
0.99  0.0000   0.0000   0.0000
1.02  0.0000   0.0000   0.0000
1.05  0.0000   0.0000   0.0000
1.08  0.0000   0.0001   0.0001
1.11  0.0000   0.0001   0.0001
1.14  0.0000   0.0004   0.0001
1.17  0.0000   0.0009   0.0001
1.20  0.0000   0.0022   0.0002
1.23  0.0000   0.0050   0.0002
1.26  0.0000   0.0104   0.0003
1.29  0.0000   0.0205   0.0003
1.32  0.0000   0.0372   0.0004
1.35  0.0000   0.0627   0.0005
1.38  0.0000   0.0977   0.0006
1.41  0.0000   0.1420   0.0007
1.44  0.0000   0.1953   0.0010
1.47  0.0000   0.2558   0.0016
1.50  0.0000   0.3225   0.0028
1.53  0.0000   0.3941   0.0052
1.56  0.0000   0.4701   0.0103
1.59  0.0000   0.5500   0.0195
1.62  0.0000   0.6319   0.0338
1.65  0.0000   0.7130   0.0533
1.68  0.0000   0.7913   0.0779
1.71  0.0000   0.8641   0.1067
1.74  0.0000   0.9291   0.1400
1.77  0.0000   0.9806   0.1779
1.80  0.0000   1.0175   0.2213
1.83  0.0000   1.0395   0.2697
1.86  0.0000   1.0421   0.3230
1.89  0.0000   1.0286   0.3807
1.92  0.0000   0.9982   0.4415
1.95  0.0000   0.9548   0.5056
1.98  0.0000   0.9008   0.5700
2.01  0.0000   0.8379   0.6357
2.04  0.0000   0.7708   0.7020
2.07  0.0000   0.7004   0.7681
2.10  0.0000   0.6310   0.8342
2.13  0.0000   0.5629   0.9005
2.16  0.0000   0.4995   0.9654
2.19  0.0000   0.4414   1.0297
2.22  0.0000   0.3888   1.0918
2.25  0.0000   0.3435   1.1510
2.28  0.0000   0.3054   1.2059
2.31  0.0003   0.2739   1.2536
2.34  0.0022   0.2493   1.2928
2.37  0.0104   0.2306   1.3207
2.40  0.0365   0.2182   1.3370
2.43  0.0987   0.2112   1.3385
2.46  0.2094   0.2103   1.3254
2.49  0.3723   0.2152   1.2991
2.52  0.5807   0.2256   1.2596
2.55  0.8266   0.2422   1.2111
2.58  1.0999   0.2657   1.1547
2.61  1.3902   0.2953   1.0948
2.64  1.6822   0.3314   1.0343
2.67  1.9529   0.3748   0.9747
2.70  2.1836   0.4246   0.9196
2.73  2.3569   0.4803   0.8696
2.76  2.4604   0.5417   0.8242
2.79  2.4953   0.6084   0.7867
2.82  2.4648   0.6792   0.7553
2.85  2.3819   0.7528   0.7301
2.88  2.2566   0.8279   0.7105
2.91  2.1053   0.9041   0.6975
2.94  1.9377   0.9795   0.6895
2.97  1.7687   1.0535   0.6860
3.00  1.6025   1.1239   0.6876
3.03  1.4504   1.1908   0.6932
3.06  1.3117   1.2521   0.7021
3.09  1.1917   1.3075   0.7144
3.12  1.0903   1.3552   0.7301
3.15  1.0083   1.3959   0.7479
3.18  0.9433   1.4282   0.7684
3.21  0.8940   1.4523   0.7902
3.24  0.8577   1.4681   0.8136
3.27  0.8326   1.4751   0.8377
3.30  0.8164   1.4740   0.8633
3.33  0.8062   1.4648   0.8890
3.36  0.8023   1.4491   0.9147
3.39  0.8005   1.4274   0.9404
3.42  0.8014   1.4003   0.9655
3.45  0.8033   1.3701   0.9896
3.48  0.8081   1.3367   1.0130
3.51  0.8123   1.3017   1.0351
3.54  0.8181   1.2666   1.0557
3.57  0.8250   1.2326   1.0751
3.60  0.8323   1.1998   1.0927
3.63  0.8408   1.1695   1.1092
3.66  0.8508   1.1421   1.1228
3.69  0.8617   1.1170   1.1352
3.72  0.8731   1.0953   1.1455
3.75  0.8851   1.0766   1.1537
3.78  0.8988   1.0608   1.1597
3.81  0.9129   1.0474   1.1635
3.84  0.9273   1.0363   1.1655
3.87  0.9416   1.0269   1.1651
3.90  0.9566   1.0195   1.1631
3.93  0.9708   1.0136   1.1589
3.96  0.9851   1.0085   1.1536
3.99  0.9992   1.0045   1.1462
4.02  1.0126   1.0012   1.1377
4.05  1.0252   0.9982   1.1286
4.08  1.0366   0.9961   1.1187
4.11  1.0482   0.9941   1.1083
4.14  1.0590   0.9921   1.0979
4.17  1.0685   0.9906   1.0877
4.20  1.0775   0.9890   1.0785
4.23  1.0855   0.9875   1.0692
4.26  1.0929   0.9858   1.0609
4.29  1.0995   0.9842   1.0536
4.32  1.1057   0.9826   1.0467
4.35  1.1104   0.9811   1.0412
4.38  1.1148   0.9792   1.0358
4.41  1.1183   0.9775   1.0312
4.44  1.1210   0.9758   1.0275
4.47  1.1234   0.9740   1.0245
4.50  1.1242   0.9726   1.0214
4.53  1.1246   0.9713   1.0189
4.56  1.1241   0.9701   1.0168
4.59  1.1223   0.9689   1.0147
4.62  1.1195   0.9682   1.0127
4.65  1.1166   0.9672   1.0108
4.68  1.1122   0.9669   1.0089
4.71  1.1066   0.9668   1.0068
4.74  1.1003   0.9668   1.0051
4.77  1.0936   0.9670   1.0028
4.80  1.0858   0.9677   1.0005
4.83  1.0772   0.9686   0.9981
4.86  1.0674   0.9695   0.9957
4.89  1.0575   0.9709   0.9931
4.92  1.0472   0.9724   0.9903
4.95  1.0360   0.9743   0.9876
4.98  1.0252   0.9761   0.9847
5.01  1.0142   0.9780   0.9821
5.04  1.0027   0.9800   0.9794
5.07  0.9916   0.9823   0.9769
5.10  0.9808   0.9846   0.9745
5.13  0.9702   0.9869   0.9724
5.16  0.9599   0.9890   0.9702
5.19  0.9495   0.9912   0.9686
5.22  0.9403   0.9934   0.9668
5.25  0.9317   0.9952   0.9658
5.28  0.9240   0.9971   0.9648
5.31  0.9165   0.9989   0.9639
5.34  0.9093   1.0004   0.9636
5.37  0.9033   1.0015   0.9635
5.40  0.8980   1.0026   0.9632
5.43  0.8932   1.0035   0.9637
5.46  0.8896   1.0038   0.9641
5.49  0.8868   1.0039   0.9652
5.52  0.8847   1.0038   0.9663
5.55  0.8837   1.0035   0.9676
5.58  0.8834   1.0028   0.9692
5.61  0.8841   1.0019   0.9708
5.64  0.8858   1.0006   0.9725
5.67  0.8881   0.9989   0.9746
5.70  0.8907   0.9972   0.9767
5.73  0.8946   0.9954   0.9790
5.76  0.8991   0.9935   0.9810
5.79  0.9041   0.9912   0.9834
5.82  0.9099   0.9894   0.9860
5.85  0.9160   0.9868   0.9881
5.88  0.9222   0.9848   0.9901
5.91  0.9294   0.9827   0.9923
5.94  0.9362   0.9806   0.9943
5.97  0.9437   0.9788   0.9960
6.00  0.9510   0.9772   0.9977
6.03  0.9582   0.9759   0.9993
6.06  0.9653   0.9746   1.0005
6.09  0.9722   0.9738   1.0016
6.12  0.9795   0.9734   1.0026
6.15  0.9862   0.9731   1.0033
6.18  0.9930   0.9731   1.0037
6.21  0.9999   0.9737   1.0039
6.24  1.0053   0.9742   1.0039
6.27  1.0114   0.9752   1.0039
6.30  1.0177   0.9763   1.0038
6.33  1.0226   0.9778   1.0035
6.36  1.0277   0.9792   1.0030
6.39  1.0326   0.9812   1.0025
6.42  1.0371   0.9829   1.0021
6.45  1.0411   0.9850   1.0013
6.48  1.0449   0.9872   1.0007
6.51  1.0483   0.9893   1.0000
6.54  1.0515   0.9915   0.9995
6.57  1.0539   0.9937   0.9990
6.60  1.0561   0.9961   0.9987
6.63  1.0578   0.9982   0.9982
6.66  1.0592   1.0004   0.9982
6.69  1.0605   1.0025   0.9980
6.72  1.0609   1.0046   0.9976
6.75  1.0611   1.0066   0.9979
6.78  1.0607   1.0083   0.9979
6.81  1.0603   1.0100   0.9979
6.84  1.0589   1.0115   0.9982
6.87  1.0579   1.0131   0.9984
6.90  1.0560   1.0143   0.9989
6.93  1.0542   1.0155   0.9993
6.96  1.0520   1.0167   1.0000
6.99  1.0497   1.0176   1.0004
7.02  1.0467   1.0184   1.0010
7.05  1.0441   1.0191   1.0016
7.08  1.0407   1.0198   1.0021
7.11  1.0376   1.0203   1.0028
7.14  1.0347   1.0204   1.0033
7.17  1.0310   1.0205   1.0041
7.20  1.0276   1.0208   1.0046
7.23  1.0243   1.0209   1.0053
7.26  1.0205   1.0208   1.0058
7.29  1.0171   1.0205   1.0062
7.32  1.0136   1.0202   1.0069
7.35  1.0102   1.0198   1.0072
7.38  1.0066   1.0195   1.0076
7.41  1.0036   1.0189   1.0078
7.44  1.0005   1.0184   1.0081
7.47  0.9976   1.0177   1.0083
7.50  0.9947   1.0171   1.0084
7.53  0.9919   1.0163   1.0087
7.56  0.9895   1.0156   1.0088
7.59  0.9870   1.0146   1.0087
7.62  0.9849   1.0137   1.0087  
7.65  0.9832   1.0129   1.0088
7.68  0.9812   1.0117   1.0085
7.71  0.9801   1.0107   1.0084
7.74  0.9786   1.0096   1.0082
7.77  0.9775   1.0084   1.0081
7.80  0.9770   1.0075   1.0079
7.83  0.9763   1.0063   1.0077
7.86  0.9759   1.0052   1.0074
7.89  0.9758   1.0039   1.0072
7.92  0.9758   1.0027   1.0071
7.95  0.9761   1.0017   1.0067
7.98  0.9768   1.0004   1.0063
8.01  0.9773   0.9993   1.0061
8.04  0.9779   0.9983   1.0058
8.07  0.9790   0.9970   1.0055
8.10  0.9800   0.9962   1.0051
8.13  0.9810   0.9952   1.0048
8.16  0.9823   0.9941   1.0044
8.19  0.9834   0.9935   1.0040
8.22  0.9848   0.9925   1.0037
8.25  0.9863   0.9917   1.0033
8.28  0.9876   0.9914   1.0030
8.31  0.9891   0.9907   1.0024
8.34  0.9908   0.9902   1.0019
8.37  0.9919   0.9898   1.0013
8.40  0.9936   0.9895   1.0010
8.43  0.9947   0.9893   1.0003
8.46  0.9962   0.9891   0.9998
8.49  0.9974   0.9890   0.9992
8.52  0.9985   0.9888   0.9986
8.55  0.9997   0.9892   0.9981
8.58  1.0008   0.9893   0.9975
8.61  1.0016   0.9897   0.9971
8.64  1.0021   0.9899   0.9964
8.67  1.0029   0.9902   0.9960
8.70  1.0037   0.9907   0.9955
8.73  1.0042   0.9912   0.9951
8.76  1.0046   0.9916   0.9945
8.79  1.0047   0.9921   0.9941
8.82  1.0050   0.9929   0.9938
8.85  1.0053   0.9934   0.9934
8.88  1.0050   0.9940   0.9931
8.91  1.0050   0.9947   0.9930
8.94  1.0049   0.9954   0.9928
8.97  1.0048   0.9961   0.9927
9.00  1.0047   0.9966   0.9926
9.03  1.0044   0.9970   0.9927
9.06  1.0039   0.9975   0.9928
9.09  1.0036   0.9981   0.9928
9.12  1.0030   0.9986   0.9930
9.15  1.0026   0.9991   0.9931
9.18  1.0025   0.9995   0.9933
9.21  1.0023   0.9999   0.9936
9.24  1.0016   1.0002   0.9939
9.27  1.0012   1.0005   0.9941
9.30  1.0010   1.0007   0.9945
9.33  1.0003   1.0010   0.9950
9.36  1.0005   1.0012   0.9952
9.39  1.0001   1.0014   0.9957
9.42  0.9996   1.0016   0.9962
9.45  0.9994   1.0017   0.9966
9.48  0.9991   1.0017   0.9970
9.51  0.9991   1.0019   0.9976
9.54  0.9988   1.0020   0.9978
9.57  0.9983   1.0019   0.9984
9.60  0.9984   1.0019   0.9989
9.63  0.9980   1.0019   0.9993
9.66  0.9977   1.0017   0.9997
9.69  0.9978   1.0017   1.0003
9.72  0.9975   1.0018   1.0004
9.75  0.9979   1.0017   1.0009
9.78  0.9977   1.0016   1.0013
9.81  0.9982   1.0014   1.0015
9.84  0.9979   1.0014   1.0019
9.87  0.9979   1.0014   1.0020
9.90  0.9980   1.0012   1.0023
9.93  0.9982   1.0012   1.0026
9.96  0.9985   1.0011   1.0027
9.99  0.9988   1.0011   1.0029
10.02 0.9990   1.0009   1.0030
10.05 0.9992   1.0011   1.0031
10.08 0.9998   1.0009   1.0032
10.11 1.0000   1.0010   1.0033
10.14 1.0003   1.0009   1.0033
10.17 1.0007   1.0009   1.0033
10.20 1.0010   1.0009   1.0032
10.23 1.0013   1.0009   1.0033
10.26 1.0018   1.0009   1.0032
10.29 1.0022   1.0010   1.0031
10.32 1.0025   1.0011   1.0031
10.35 1.0028   1.0010   1.0030
10.38 1.0029   1.0012   1.0030
10.41 1.0031   1.0012   1.0028
10.44 1.0036   1.0012   1.0028
10.47 1.0036   1.0012   1.0027
10.50 1.0037   1.0013   1.0027
10.53 1.0040   1.0013   1.0026
10.56 1.0041   1.0012   1.0024
10.59 1.0041   1.0013   1.0024
10.62 1.0037   1.0014   1.0023
10.65 1.0040   1.0013   1.0022
10.68 1.0039   1.0015   1.0022
10.71 1.0041   1.0014   1.0020
10.74 1.0040   1.0017   1.0020
10.77 1.0039   1.0016   1.0018
10.80 1.0037   1.0014   1.0016
10.83 1.0035   1.0015   1.0017
10.86 1.0033   1.0018   1.0015
10.89 1.0034   1.0017   1.0014
10.92 1.0031   1.0018   1.0013
10.95 1.0029   1.0018   1.0012
10.98 1.0027   1.0017   1.0009
11.01 1.0026   1.0018   1.0009
11.04 1.0022   1.0019   1.0007
11.07 1.0019   1.0019   1.0005
11.10 1.0018   1.0018   1.0004
11.13 1.0015   1.0019   1.0003
11.16 1.0013   1.0018   1.0000
11.19 1.0010   1.0018   0.9999
11.22 1.0008   1.0016   0.9998
11.25 1.0005   1.0016   0.9996
11.28 1.0001   1.0015   0.9995
11.31 0.9997   1.0014   0.9994
11.34 0.9995   1.0013   0.9991
11.37 0.9991   1.0012   0.9990
11.40 0.9989   1.0011   0.9989
11.43 0.9987   1.0010   0.9987
11.46 0.9982   1.0008   0.9986
11.49 0.9983   1.0006   0.9986
11.52 0.9982   1.0004   0.9984
11.55 0.9979   1.0004   0.9984
11.58 0.9977   1.0001   0.9984
11.61 0.9976   1.0000   0.9984
11.64 0.9975   0.9998   0.9984
11.67 0.9976   0.9995   0.9984
11.70 0.9973   0.9993   0.9984
11.73 0.9974   0.9991   0.9984
11.76 0.9971   0.9989   0.9985
11.79 0.9974   0.9988   0.9986
11.82 0.9972   0.9984   0.9987
11.85 0.9973   0.9984   0.9988
11.88 0.9974   0.9981   0.9989
11.91 0.9973   0.9980   0.9990
11.94 0.9975   0.9978   0.9992
11.97 0.9974   0.9976   0.9992
12.00 0.9974   0.9975   0.9993
12.03 0.9975   0.9974   0.9995
12.06 0.9977   0.9974   0.9996
12.09 0.9977   0.9973   0.9996
12.12 0.9978   0.9971   0.9997
12.15 0.9978   0.9972   0.9998
12.18 0.9981   0.9971   0.9998
12.21 0.9981   0.9972   0.9998
12.24 0.9982   0.9972   0.9997
12.27 0.9982   0.9972   0.9997
12.30 0.9984   0.9972   0.9997
12.33 0.9984   0.9974   0.9998
12.36 0.9985   0.9974   0.9997
12.39 0.9987   0.9975   0.9997
12.42 0.9987   0.9975   0.9997
12.45 0.9989   0.9978   0.9997
12.48 0.9989   0.9980   0.9997
12.51 0.9991   0.9980   0.9996
12.54 0.9992   0.9982   0.9995
12.57 0.9992   0.9983   0.9994
12.60 0.9993   0.9985   0.9994
12.63 0.9993   0.9987   0.9994
12.66 0.9996   0.9989   0.9994
12.69 0.9996   0.9990   0.9994
12.72 0.9997   0.9992   0.9994
12.75 0.9997   0.9994   0.9993
12.78 0.9999   0.9996   0.9993
12.81 0.9999   0.9996   0.9993
12.84 1.0001   0.9998   0.9993
12.87 1.0002   1.0000   0.9993
12.90 1.0003   1.0001   0.9993
12.93 1.0003   1.0003   0.9994
12.96 1.0005   1.0003   0.9994
12.99 1.0006   1.0004   0.9993
13.02 1.0005   1.0006   0.9995
13.05 1.0007   1.0008   0.9996
13.08 1.0007   1.0008   0.9996
13.11 1.0007   1.0009   0.9996
13.14 1.0008   1.0010   0.9996
13.17 1.0009   1.0010   0.9997
13.20 1.0009   1.0011   0.9998
13.23 1.0010   1.0012   0.9999
13.26 1.0010   1.0013   0.9999
13.29 1.0010   1.0013   1.0000
13.32 1.0010   1.0014   1.0000
13.35 1.0009   1.0014   1.0001
13.38 1.0012   1.0014   1.0001
13.41 1.0011   1.0014   1.0002
13.44 1.0011   1.0014   1.0002
13.47 1.0009   1.0014   1.0003
13.50 1.0009   1.0014   1.0003
13.53 1.0011   1.0013   1.0004
13.56 1.0010   1.0014   1.0004
13.59 1.0010   1.0013   1.0004
13.62 1.0010   1.0013   1.0005
13.65 1.0009   1.0013   1.0004
13.68 1.0010   1.0013   1.0005
13.71 1.0008   1.0012  1.0005
13.74 1.0009   1.0012   1.0006
13.77 1.0008   1.0011   1.0006
13.80 1.0006   1.0011   1.0006
13.83 1.0007   1.0010   1.0006
13.86 1.0006   1.0010   1.0007
13.89 1.0006   1.0009   1.0006
13.92 1.0006   1.0008   1.0006
13.95 1.0005   1.0007   1.0007
13.98 1.0004   1.0007   1.0007
14.01 1.0005   1.0007   1.0007
14.04 1.0005   1.0004   1.0007
14.07 1.0004   1.0003   1.0007
14.10 1.0004   1.0003   1.0007
14.13 1.0005   1.0003   1.0007
14.16 1.0004   1.0002   1.0007
14.19 1.0004   1.0000   1.0006
14.22 1.0005   1.0000   1.0007
14.25 1.0004   0.9999   1.0006
14.28 1.0004   0.9999   1.0006
14.31 1.0003   0.9998   1.0006
14.34 1.0003   0.9997   1.0006
14.37 1.0003   0.9997   1.0005
14.40 1.0004   0.9996   1.0005
14.43 1.0003   0.9995   1.0004
14.46 1.0001   0.9996   1.0004
14.49 1.0002   0.9995   1.0004
14.52 1.0001   0.9995   1.0004
14.55 1.0001   0.9994   1.0003
14.58 1.0000   0.9995   1.0002
14.61 1.0000   0.9994   1.0001
14.64 1.0001   0.9994   1.0001
14.67 1.0001   0.9994   1.0000
14.70 1.0000   0.9994   1.0000
14.73 1.0000   0.9995   1.0000
14.76 0.9999   0.9994   0.9999
14.79 0.9998   0.9995   0.9998
14.82 0.9997   0.9994   0.9998
14.85 0.9997   0.9995   0.9997
14.88 0.9996   0.9995   0.9997
14.91 0.9996   0.9996   0.9996
14.94 0.9996   0.9995   0.9996
14.97 0.9995   0.9995   0.9995
15.00 0.9995   0.9995   0.9995
15.03 0.9993   0.9997   0.9995
15.06 0.9993   0.9996   0.9994
15.09 0.9991   0.9997   0.9995
15.12 0.9993   0.9997   0.9995
15.15 0.9993   0.9997   0.9994
15.18 0.9991   0.9997   0.9993
15.21 0.9991   0.9997   0.9994
15.24 0.9992   0.9998   0.9993
15.27 0.9992   0.9998   0.9994
15.30 0.9990   0.9998   0.9994
15.33 0.9991   0.9999   0.9994
15.36 0.9991   0.9998   0.9994
15.39 0.9991   0.9998   0.9994
15.42 0.9992   0.9999   0.9994
15.45 0.9992   0.9998   0.9994
15.48 0.9992   0.9999   0.9995
15.51 0.9990   0.9997   0.9994
15.54 0.9992   0.9998   0.9995
15.57 0.9991   0.9997   0.9994
15.60 0.9993   0.9998   0.9996
15.63 0.9993   0.9999   0.9996
15.66 0.9994   0.9997   0.9996
15.69 0.9995   0.9997   0.9996
15.72 0.9993   0.9997   0.9996
15.75 0.9994   0.9996   0.9996
15.78 0.9995   0.9997   0.9997
15.81 0.9996   0.9998   0.9997
15.84 0.9997   0.9997   0.9998
15.87 0.9995   0.9996   0.9996
15.90 0.9999   0.9998   0.9997
15.93 0.9997   0.9998   0.9997
15.96 0.9997   0.9996   0.9997
15.99 0.9998   0.9998   0.9999
16.02 0.9999   0.9997   0.9997
16.05 0.9999   0.9997   0.9998
16.08 1.0000   0.9998   0.9997
16.11 0.9999   0.9998   0.9998
16.14 1.0001   0.9998   1.0000
16.17 1.0001   0.9998   0.9999
16.20 1.0002   1.0000   0.9999
16.23 1.0001   0.9998   0.9999
16.26 0.9999   0.9998   1.0000
16.29 1.0001   0.9998   0.9999
16.32 1.0003   0.9999   1.0000
16.35 1.0002   0.9998   0.9999
16.38 1.0002   0.9999   1.0000
16.41 1.0003   1.0000   1.0001
16.44 1.0001   0.9998   0.9999
16.47 1.0002   0.9998   1.0000
16.50 1.0004   1.0001   1.0003
16.53 1.0002   0.9999   1.0001
16.56 1.0002   0.9999   1.0001
16.59 1.0002   0.9999   1.0000
16.62 1.0003   1.0000   1.0002
16.65 1.0002   0.9999   1.0001
16.68 1.0002   1.0000   1.0001
16.71 1.0004   1.0000   1.0001
16.74 1.0005   1.0000   1.0002
16.77 1.0004   1.0001   1.0002
16.80 1.0002   0.9999   1.0001
16.83 1.0003   0.9999   1.0001
16.86 1.0004   1.0000   1.0002
16.89 1.0004   1.0000   1.0002
16.92 1.0003   1.0000   1.0001
16.95 1.0004   1.0001   1.0003
16.98 1.0003   1.0001   1.0001
17.01 1.0004   1.0003   1.0002
17.04 1.0001   1.0000   1.0000
17.07 1.0002   1.0002   1.0001
17.10 1.0002   1.0001   1.0001
17.13 1.0003   1.0003   1.0002
17.16 1.0002   1.0003   1.0001
17.19 1.0000   1.0001   1.0000
17.22 1.0001   1.0005   1.0002
17.25 1.0001   1.0002   1.0001
17.28 1.0001   1.0002   1.0001
17.31 1.0003   1.0004   1.0002
17.34 1.0000   1.0002   1.0000
17.37 1.0000   1.0003   1.0001
17.40 1.0001   1.0003   1.0001
17.43 1.0000   1.0003   1.0001
17.46 0.9999   1.0002   1.0000
17.49 1.0002   1.0003   1.0002
17.52 1.0001   1.0003   1.0000
17.55 1.0001   1.0002   1.0000
17.58 1.0001   1.0003   1.0001
17.61 0.9999   1.0001   0.9999
17.64 1.0001   1.0003   1.0001
17.67 0.9999   1.0001   0.9999
17.70 1.0000   1.0002   1.0000
17.73 1.0000   1.0001   1.0000
17.76 0.9998   0.9999   0.9998
17.79 0.9998   1.0000   0.9998
17.82 1.0000   1.0000   1.0000
17.85 0.9998   1.0000   0.9999
17.88 0.9999   1.0000   0.9999
17.91 1.0001   1.0000   1.0000
17.94 0.9998   0.9999   0.9999
17.97 0.9996   0.9997   0.9997
18.00 0.9997   0.9998   0.9998
18.03 0.9998   0.9999   0.9999
18.06 0.9998   0.9998   0.9998
18.09 0.9997   0.9996   0.9996
18.12 0.9997   0.9999   0.9998
18.15 0.9998   0.9998   0.9998
18.18 0.9998   0.9997   0.9997
18.21 0.9999   0.9998   0.9997
18.24 0.9999   0.9997   0.9997
18.27 0.9998   0.9997   0.9999
18.30 0.9996   0.9995   0.9996
18.33 0.9998   0.9996   0.9997
18.36 0.9998   0.9996   0.9997
18.39 0.9997   0.9996   0.9998
18.42 1.0001   0.9997   0.9999
18.45 0.9999   0.9997   0.9998
18.48 0.9997   0.9996   0.9997
18.51 0.9997   0.9995   0.9997
18.54 0.9998   0.9997   0.9999
18.57 0.9997   0.9998   1.0001
18.60 0.9995   0.9997   0.9999
18.63 0.9996   0.9997   0.9999
18.66 0.9996   0.9996   0.9998
18.69 0.9996   0.9998   0.9999
18.72 0.9997   0.9999   1.0000
18.75 0.9997   0.9997   0.9999
18.78 0.9997   0.9998   1.0000
18.81 0.9998   0.9998   1.0001
18.84 0.9998   0.9998   1.0000
18.87 1.0001   0.9999   1.0000
18.90 0.9999   0.9998   1.0000
18.93 0.9998   0.9996   0.9999
18.96 0.9997   0.9996   0.9998
18.99 0.9998   0.9998   0.9999
19.02 0.9997   0.9997   0.9996
19.05 0.9998   0.9998   0.9998
19.08 0.9998   0.9997   1.0000
19.11 0.9998   0.9997   0.9998
19.14 0.9996   0.9997   0.9998
19.17 0.9997   0.9997   0.9997
19.20 0.9998   0.9999   0.9999
19.23 0.9999   0.9999   0.9999
19.26 0.9999   0.9999   0.9998
19.29 0.9998   1.0000   0.9999
19.32 0.9999   1.0000   1.0000
19.35 0.9999   1.0001   1.0001
19.38 0.9997   0.9999   0.9998
19.41 0.9997   1.0001   0.9999
19.44 0.9998   0.9999   0.9999
19.47 1.0000   1.0000   1.0000
19.50 0.9997   1.0000   0.9998
19.53 0.9995   1.0000   0.9999
19.56 0.9998   1.0001   0.9999
19.59 0.9996   1.0000   0.9998
19.62 0.9999   1.0002   1.0000
19.65 1.0002   1.0003   1.0001
19.68 0.9998   1.0002   1.0000
19.71 0.9999   1.0002   1.0000
19.74 1.0000   1.0001   1.0000
19.77 1.0001   1.0001   0.9998
19.80 1.0001   1.0001   0.9998
19.83 1.0001   1.0001   1.0000
19.86 1.0002   1.0001   1.0000
19.89 1.0003   1.0002   0.9999
19.92 1.0002   1.0000   0.9999
19.95 1.0002   1.0000   0.9999
19.98 1.0002   1.0000   1.0000
20.01 1.0001   0.9998   0.9998
20.04 1.0003   1.0001   1.0000
20.07 1.0002   1.0001   0.9999
20.10 1.0003   1.0000   1.0000
20.13 1.0004   1.0001   1.0001
20.16 1.0003   1.0002   1.0000
20.19 1.0004   1.0002   1.0001
20.22 1.0002   1.0000   1.0000
20.25 1.0002   0.9999   0.9999
20.28 1.0001   0.9999   0.9999
20.31 1.0003   1.0000   1.0001
20.34 1.0002   1.0000   0.9999
20.37 1.0000   0.9999   1.0000
20.40 1.0005   1.0001   1.0001
20.43 1.0001   1.0000   1.0001
20.46 1.0002   0.9998   1.0001
20.49 1.0003   1.0000   1.0001
20.52 1.0000   0.9998   0.9999
20.55 1.0000   0.9999   1.0000
20.58 1.0001   1.0000   1.0001
20.61 1.0000   0.9998   1.0000
20.64 1.0002   1.0000   1.0000
20.67 1.0000   0.9998   0.9998
20.70 0.9999   0.9999   1.0000
20.73 1.0000   1.0000   1.0000
20.76 1.0000   0.9998   1.0000
20.79 1.0000   0.9999   1.0000
20.82 0.9999   0.9998   1.0000
20.85 0.9996   0.9997   1.0000
20.88 0.9995   0.9998   0.9999
20.91 0.9997   0.9997   0.9999
20.94 0.9997   0.9998   1.0000
20.97 0.9997   0.9997   0.9997
21.00 0.9995   0.9999   0.9998
21.03 0.9996   0.9999   0.9998
21.06 0.9995   0.9999   0.9998
21.09 0.9999   1.0000   0.9999
21.12 0.9998   0.9999   0.9999
21.15 0.9996   0.9999   0.9999
21.18 0.9995   0.9997   0.9996
21.21 1.0000   1.0000   1.0000
21.24 0.9999   1.0000   0.9999
21.27 0.9997   1.0000   0.9999
21.30 0.9997   1.0000   0.9999
21.33 0.9996   0.9999   0.9997
21.36 0.9997   0.9999   0.9998
21.39 0.9997   1.0001   0.9999
21.42 0.9996   0.9997   0.9998
21.45 0.9996   1.0000   1.0000
21.48 1.0000   0.9999   0.9998
21.51 0.9998   0.9998   0.9998
21.54 0.9994   0.9996   0.9995
21.57 0.9996   0.9999   0.9999
21.60 0.9997   0.9997   0.9997
21.63 0.9999   0.9999   1.0000
21.66 0.9999   0.9996   0.9998
21.69 0.9997   0.9998   0.9999
21.72 0.9997   0.9998   0.9999
21.75 0.9998   1.0001   1.0000
21.78 0.9998   1.0001   1.0002
21.81 0.9999   0.9999   0.9999
21.84 1.0000   1.0001   1.0001
21.87 1.0000   1.0001   1.0001
21.90 0.9999   1.0000   1.0002
21.93 0.9998   1.0001   1.0002
21.96 1.0003   1.0002   1.0003
21.99 0.9999   1.0001   0.9999
22.02 1.0003   1.0002   1.0000
22.05 1.0001   1.0001   1.0002
22.08 1.0003   1.0003   1.0001
22.11 1.0003   1.0001   1.0000
22.14 0.9999   1.0002   1.0002
22.17 0.9999   1.0001   1.0001
22.20 1.0004   1.0001   1.0002
22.23 1.0003   1.0001   1.0000
22.26 1.0002   1.0000   1.0000
22.29 1.0003   0.9999   1.0001
22.32 1.0004   1.0002   1.0002
22.35 1.0002   0.9999   1.0001
22.38 1.0005   0.9999   0.9999
22.41 1.0007   1.0001   1.0001
22.44 1.0007   0.9999   0.9999
22.47 1.0003   1.0000   1.0001
22.50 1.0007   1.0000   1.0000
22.53 1.0007   0.9999   1.0000
22.56 1.0006   0.9999   1.0000
22.59 1.0008   1.0001   1.0001
22.62 1.0005   1.0001   1.0001
22.65 1.0002   1.0000   1.0000
22.68 1.0005   1.0002   1.0002
22.71 1.0006   1.0003   1.0001
22.74 1.0007   1.0005   1.0003
22.77 1.0002   1.0002   1.0000
22.80 1.0002   1.0000   1.0001
22.83 1.0000   1.0000   0.9999
22.86 1.0001   1.0003   1.0000
22.89 1.0004   1.0002   1.0000
22.92 0.9999   0.9997   0.9996
22.95 1.0005   1.0004   1.0001
22.98 1.0001   1.0001   0.9996
23.01 1.0002   0.9999   0.9996
23.04 1.0002   1.0000   0.9997
23.07 0.9998   0.9996   0.9994
23.10 1.0002   0.9999   0.9997
23.13 0.9997   1.0002   1.0000
23.16 1.0003   1.0007   1.0003
23.19 1.0000   1.0000   0.9999
23.22 0.9997   1.0000   0.9997
23.25 0.9998   0.9999   0.9998
23.28 0.9994   0.9995   0.9995
23.31 1.0001   0.9999   0.9999
23.34 0.9994   0.9996   0.9995
23.37 1.0000   0.9997   0.9999
23.40 0.9996   0.9997   0.9995
23.43 0.9994   0.9996   0.9997
23.46 0.9991   0.9990   0.9994
23.49 0.9994   0.9997   0.9999
23.52 0.9992   0.9996   0.9998
23.55 0.9995   0.9998   1.0002
23.58 0.9990   0.9995   0.9997
23.61 0.9988   0.9996   1.0001
23.64 0.9995   0.9998   1.0003
23.67 0.9989   0.9995   1.0001
23.70 0.9982   0.9992   0.9997
23.73 0.9986   0.9991   0.9997
23.76 0.9985   0.9998   1.0000
23.79 0.9989   1.0001   1.0003
23.82 0.9988   0.9999   1.0002
23.85 0.9991   0.9997   0.9998
23.88 0.9986   0.9993   0.9999
23.91 0.9987   0.9998   1.0001
23.94 0.9989   1.0001   1.0003
23.97 0.9991   0.9997   1.0002
24.00 0.9989   0.9996   1.0000
24.03 0.9992   0.9999   1.0002
24.06 0.9995   0.9996   1.0000
24.09 0.9993   0.9997   1.0000
24.12 1.0002   1.0004   1.0007
24.15 0.9995   0.9998   1.0002
24.18 0.9994   0.9996   1.0001
24.21 1.0002   1.0003   1.0003
24.24 0.9991   0.9997   1.0000
24.27 1.0007   1.0005   1.0006
24.30 1.0001   1.0002   1.0005
24.33 1.0001   1.0002   1.0000
24.36 1.0005   1.0000   1.0000
24.39 1.0006   1.0000   1.0003
